Spectrometer
Copyright © Kvant 2018. All rights reserved.

Date: Tuesday, November 26, 2024 11:21:43 AM
Source image name: .bmp
Source image [pixels]: 1280 x 720
Source image processed height [pixels]: 20
Source image processed [position pixel range]: 397 - 417

Spectrum range [nm]: 360.4 - 916.3

Chart Points:

Wave Length [nm]	Intensity [a.u.]

===START===
360.4	18.0
361.1	18.0
361.9	18.0
362.6	18.0
363.4	18.0
364.1	18.0
364.8	18.0
365.6	15.8
366.3	15.8
367.0	15.8
367.8	15.8
368.5	16.6
369.2	16.6
370.0	16.6
370.7	16.6
371.4	17.4
372.2	17.4
372.9	17.5
373.6	17.5
374.4	17.8
375.1	17.8
375.8	17.8
376.5	17.8
377.3	18.0
378.0	18.0
378.7	18.0
379.5	17.6
380.2	17.4
380.9	17.4
381.6	17.0
382.4	17.0
383.1	17.6
383.8	17.6
384.5	17.6
385.3	17.6
386.0	17.6
386.7	17.6
387.4	17.6
388.1	17.6
388.9	18.4
389.6	18.4
390.3	18.4
391.0	18.4
391.8	18.4
392.5	18.4
393.2	18.4
393.9	18.4
394.6	18.2
395.3	18.2
396.1	18.2
396.8	18.2
397.5	18.2
398.2	18.2
398.9	18.2
399.6	18.2
400.3	18.9
401.1	18.9
401.8	19.0
402.5	19.0
403.2	19.2
403.9	19.2
404.6	19.5
405.3	19.5
406.0	20.3
406.8	20.3
407.5	20.6
408.2	20.6
408.9	20.9
409.6	20.9
410.3	20.9
411.0	20.9
411.7	21.4
412.4	21.2
413.1	26.1
413.8	26.1
414.5	27.3
415.2	28.3
415.9	38.5
416.6	39.1
417.3	64.1
418.0	65.3
418.7	62.0
419.4	61.0
420.1	37.9
420.8	36.1
421.5	29.1
422.2	29.2
422.9	26.4
423.6	26.3
424.3	26.1
425.0	26.1
425.7	25.8
426.4	25.8
427.1	25.8
427.8	25.8
428.5	25.4
429.2	25.5
429.9	25.5
430.6	25.7
431.3	25.8
432.0	25.9
432.7	26.0
433.4	26.1
434.1	27.8
434.8	27.7
435.5	27.7
436.1	27.4
436.8	28.6
437.5	28.6
438.2	29.4
438.9	29.5
439.6	31.4
440.3	31.4
441.0	32.7
441.6	32.7
442.3	33.5
443.0	33.5
443.7	33.8
444.4	33.8
445.1	35.5
445.8	35.5
446.4	36.4
447.1	36.4
447.8	37.7
448.5	37.7
449.2	39.4
449.9	39.4
450.5	42.9
451.2	42.9
451.9	44.8
452.6	44.8
453.2	46.2
453.9	46.2
454.6	47.1
455.3	47.1
456.0	52.6
456.6	52.7
457.3	53.8
458.0	54.1
458.7	56.3
459.3	56.4
460.0	59.2
460.7	59.2
461.4	62.7
462.0	62.8
462.7	65.2
463.4	65.6
464.0	68.0
464.7	68.3
465.4	69.7
466.1	69.8
466.7	64.9
467.4	65.1
468.1	86.6
468.7	87.0
469.4	79.6
470.1	80.0
470.7	86.1
471.4	86.2
472.1	108.2
472.7	107.2
473.4	90.8
474.1	93.2
474.7	125.8
475.4	126.8
476.1	238.6
476.7	248.3
477.4	255.0
478.0	254.8
478.7	203.9
479.4	182.0
480.0	122.8
480.7	125.6
481.3	112.1
482.0	111.9
482.7	112.4
483.3	112.4
484.0	104.3
484.6	104.3
485.3	101.5
485.9	101.5
486.6	110.5
487.3	110.5
487.9	110.2
488.6	110.2
489.2	110.5
489.9	110.5
490.5	111.5
491.2	111.5
491.8	112.5
492.5	112.5
493.1	113.8
493.8	113.9
494.4	115.2
495.1	115.3
495.7	116.4
496.4	116.5
497.0	117.1
497.7	117.2
498.3	119.2
499.0	119.2
499.6	119.5
500.3	119.5
500.9	120.4
501.6	120.4
502.2	121.3
502.8	121.3
503.5	123.7
504.1	123.7
504.8	124.9
505.4	124.9
506.1	125.8
506.7	125.8
507.3	126.1
508.0	126.1
508.6	126.0
509.3	126.0
509.9	126.0
510.5	126.0
511.2	126.0
511.8	126.0
512.5	126.0
513.1	126.0
513.7	126.0
514.4	126.0
515.0	126.0
515.6	126.0
516.3	126.0
516.9	126.0
517.5	126.0
518.2	126.0
518.8	123.3
519.4	123.3
520.1	122.8
520.7	122.7
521.3	122.2
522.0	122.1
522.6	121.0
523.2	121.0
523.8	120.0
524.5	120.0
525.1	119.4
525.7	119.4
526.4	118.8
527.0	118.8
527.6	118.4
528.2	118.4
528.9	115.6
529.5	115.5
530.1	114.6
530.7	114.4
531.4	112.9
532.0	112.7
532.6	110.5
533.2	110.3
533.8	108.3
534.5	108.3
535.1	106.2
535.7	106.2
536.3	104.8
536.9	104.8
537.6	103.9
538.2	103.9
538.8	100.4
539.4	100.4
540.0	99.5
540.7	99.5
541.3	97.8
541.9	97.8
542.5	95.5
543.1	95.5
543.7	93.0
544.3	93.0
545.0	90.7
545.6	90.7
546.2	88.8
546.8	88.8
547.4	88.0
548.0	88.0
548.6	85.8
549.2	86.0
549.8	85.4
550.5	85.8
551.1	85.3
551.7	85.5
552.3	85.9
552.9	86.1
553.5	89.3
554.1	89.7
554.7	94.2
555.3	95.4
555.9	99.8
556.5	101.1
557.1	104.6
557.7	105.2
558.3	111.9
558.9	112.8
559.5	115.1
560.1	116.2
560.7	117.6
561.3	117.6
561.9	116.4
562.5	116.1
563.1	111.9
563.7	111.6
564.3	105.3
564.9	104.7
565.5	98.2
566.1	97.3
566.7	93.3
567.3	92.9
567.9	88.5
568.5	88.3
569.1	85.7
569.7	85.0
570.3	81.2
570.9	80.4
571.5	75.4
572.1	75.2
572.7	68.9
573.3	68.7
573.9	64.2
574.4	64.1
575.0	60.2
575.6	59.9
576.2	58.1
576.8	57.9
577.4	52.9
578.0	52.7
578.6	51.7
579.2	51.1
579.7	48.7
580.3	48.3
580.9	46.4
581.5	46.2
582.1	43.7
582.7	43.7
583.3	41.5
583.8	41.4
584.4	40.1
585.0	40.1
585.6	39.7
586.2	39.7
586.7	35.6
587.3	35.6
587.9	35.2
588.5	35.3
589.1	35.0
589.6	35.1
590.2	35.1
590.8	35.1
591.4	36.3
592.0	36.3
592.5	37.1
593.1	37.2
593.7	37.6
594.3	37.7
594.8	38.4
595.4	38.4
596.0	41.0
596.6	40.9
597.1	40.9
597.7	40.8
598.3	41.0
598.8	40.9
599.4	41.4
600.0	41.4
600.6	42.2
601.1	42.2
601.7	42.4
602.3	42.4
602.8	42.9
603.4	42.9
604.0	43.1
604.5	43.1
605.1	42.4
605.7	42.4
606.2	42.1
606.8	42.0
607.4	41.7
607.9	41.5
608.5	41.2
609.0	41.2
609.6	40.3
610.2	40.2
610.7	39.6
611.3	39.5
611.9	39.3
612.4	39.2
613.0	38.9
613.5	38.8
614.1	38.4
614.6	38.3
615.2	38.0
615.8	37.8
616.3	37.2
616.9	37.0
617.4	36.4
618.0	36.4
618.5	36.5
619.1	36.5
619.7	36.4
620.2	36.4
620.8	36.1
621.3	36.1
621.9	36.0
622.4	36.0
623.0	34.2
623.5	34.2
624.1	35.0
624.6	35.0
625.2	36.2
625.7	36.3
626.3	37.7
626.8	37.7
627.4	40.0
627.9	40.2
628.5	41.7
629.0	41.9
629.6	43.3
630.1	43.6
630.6	44.3
631.2	44.5
631.7	52.2
632.3	53.5
632.8	58.4
633.4	60.9
633.9	68.2
634.4	70.5
635.0	79.9
635.5	81.0
636.1	95.9
636.6	102.2
637.1	123.8
637.7	133.1
638.2	159.5
638.8	173.7
639.3	190.2
639.8	191.5
640.4	188.0
640.9	185.8
641.4	181.9
642.0	181.9
642.5	181.8
643.1	180.5
643.6	184.6
644.1	185.0
644.7	218.4
645.2	228.4
645.7	229.1
646.3	222.3
646.8	181.1
647.3	154.1
647.8	146.2
648.4	150.8
648.9	136.3
649.4	131.5
650.0	121.7
650.5	117.7
651.0	107.3
651.5	103.5
652.1	91.1
652.6	88.7
653.1	77.0
653.6	75.3
654.2	66.4
654.7	63.9
655.2	57.6
655.7	55.7
656.3	51.8
656.8	50.5
657.3	41.4
657.8	41.1
658.4	38.1
658.9	37.1
659.4	33.1
659.9	32.1
660.4	28.5
661.0	28.2
661.5	25.2
662.0	25.1
662.5	23.6
663.0	23.5
663.5	22.8
664.1	22.3
664.6	22.5
665.1	22.4
665.6	20.0
666.1	19.6
666.6	19.5
667.1	19.5
667.7	19.0
668.2	19.0
668.7	18.3
669.2	17.9
669.7	17.5
670.2	17.2
670.7	17.0
671.2	17.0
671.7	16.6
672.2	16.6
672.8	16.5
673.3	16.2
673.8	14.7
674.3	14.7
674.8	14.7
675.3	14.7
675.8	14.5
676.3	14.5
676.8	14.5
677.3	14.5
677.8	15.4
678.3	15.7
678.8	15.7
679.3	15.7
679.8	16.0
680.3	16.0
680.8	16.1
681.3	16.4
681.8	19.3
682.3	18.8
682.8	21.3
683.3	25.7
683.8	37.9
684.3	45.6
684.8	48.7
685.3	45.4
685.8	44.9
686.3	46.3
686.8	46.1
687.3	47.6
687.8	45.2
688.3	44.2
688.8	42.1
689.3	40.9
689.8	46.2
690.3	46.8
690.7	50.9
691.2	52.7
691.7	58.5
692.2	60.3
692.7	65.8
693.2	66.7
693.7	70.0
694.2	69.6
694.7	72.2
695.1	72.1
695.6	74.7
696.1	75.9
696.6	77.7
697.1	78.6
697.6	76.7
698.1	74.9
698.5	72.0
699.0	68.7
699.5	66.7
700.0	65.6
700.5	65.8
701.0	65.9
701.4	66.1
701.9	67.1
702.4	69.2
702.9	70.2
703.4	71.2
703.8	70.8
704.3	70.3
704.8	69.7
705.3	59.5
705.8	58.3
706.2	56.4
706.7	54.3
707.2	53.3
707.7	52.8
708.1	53.0
708.6	53.3
709.1	53.3
709.6	53.7
710.0	55.0
710.5	55.6
711.0	56.4
711.4	56.4
711.9	56.2
712.4	56.1
712.9	48.8
713.3	48.1
713.8	45.6
714.3	44.1
714.7	41.7
715.2	41.0
715.7	40.0
716.1	40.1
716.6	42.7
717.1	42.8
717.5	46.1
718.0	46.7
718.5	51.3
718.9	52.5
719.4	56.2
719.9	57.0
720.3	65.3
720.8	68.8
721.2	83.7
721.7	89.3
722.2	118.1
722.6	121.4
723.1	159.9
723.6	175.1
724.0	222.4
724.5	231.4
724.9	235.4
725.4	229.7
725.8	207.2
726.3	193.3
726.8	169.0
727.2	168.5
727.7	160.6
728.1	157.8
728.6	144.7
729.0	139.5
729.5	120.4
729.9	115.5
730.4	97.8
730.8	95.3
731.3	82.4
731.7	81.6
732.2	76.5
732.7	75.3
733.1	75.1
733.6	74.9
734.0	77.0
734.4	77.1
734.9	76.3
735.3	76.0
735.8	75.7
736.2	75.6
736.7	75.6
737.1	75.7
737.6	76.0
738.0	76.3
738.5	76.3
738.9	76.1
739.4	76.0
739.8	75.9
740.2	75.6
740.7	75.5
741.1	75.5
741.6	75.4
742.0	69.9
742.4	69.1
742.9	70.1
743.3	69.6
743.8	71.4
744.2	72.0
744.6	73.0
745.1	73.7
745.5	72.5
746.0	72.4
746.4	67.1
746.8	65.7
747.3	58.5
747.7	56.0
748.1	50.3
748.6	48.9
749.0	36.5
749.4	35.6
749.9	33.7
750.3	32.9
750.7	30.0
751.2	29.5
751.6	27.0
752.0	26.8
752.4	24.4
752.9	24.4
753.3	22.9
753.7	22.9
754.2	22.4
754.6	22.4
755.0	22.2
755.4	22.2
755.9	20.8
756.3	20.8
756.7	20.8
757.1	20.8
757.6	20.8
758.0	20.8
758.4	21.2
758.8	21.2
759.3	22.4
759.7	22.4
760.1	22.4
760.5	22.4
760.9	22.8
761.4	22.8
761.8	22.8
762.2	22.8
762.6	23.6
763.0	23.9
763.5	26.1
763.9	26.1
764.3	27.6
764.7	28.3
765.1	30.1
765.5	30.4
766.0	32.2
766.4	32.2
766.8	30.7
767.2	30.7
767.6	29.8
768.0	29.5
768.4	27.8
768.9	27.8
769.3	22.8
769.7	22.8
770.1	22.8
770.5	22.8
770.9	22.5
771.3	22.5
771.7	22.2
772.1	22.2
772.5	22.0
772.9	22.0
773.4	22.0
773.8	22.0
774.2	22.0
774.6	22.0
775.0	22.0
775.4	22.0
775.8	22.6
776.2	22.6
776.6	22.5
777.0	22.5
777.4	21.9
777.8	21.9
778.2	21.5
778.6	21.5
779.0	20.3
779.4	20.3
779.8	19.8
780.2	19.1
780.6	19.0
781.0	19.0
781.4	18.2
781.8	18.2
782.2	18.0
782.6	18.0
783.0	18.0
783.4	18.0
783.8	18.0
784.2	18.0
784.6	18.0
784.9	18.0
785.3	17.7
785.7	17.7
786.1	17.7
786.5	17.7
786.9	17.7
787.3	17.7
787.7	17.7
788.1	17.7
788.5	15.0
788.9	15.0
789.2	14.7
789.6	14.7
790.0	15.1
790.4	14.8
790.8	14.8
791.2	14.8
791.6	16.1
791.9	16.1
792.3	16.2
792.7	16.2
793.1	17.3
793.5	17.3
793.9	17.3
794.3	17.3
794.6	16.7
795.0	16.7
795.4	16.7
795.8	16.7
796.2	16.7
796.5	16.7
796.9	16.7
797.3	16.7
797.7	16.2
798.0	16.2
798.4	16.2
798.8	16.6
799.2	16.6
799.6	17.0
799.9	17.0
800.3	17.0
800.7	19.2
801.1	19.2
801.4	19.1
801.8	18.8
802.2	18.8
802.5	18.8
802.9	17.7
803.3	17.7
803.7	16.6
804.0	16.6
804.4	16.6
804.8	16.6
805.1	17.0
805.5	17.0
805.9	17.0
806.2	17.0
806.6	18.1
807.0	18.1
807.3	17.9
807.7	17.9
808.1	17.2
808.4	17.2
808.8	16.9
809.2	16.9
809.5	16.7
809.9	16.7
810.3	16.4
810.6	15.7
811.0	15.1
811.3	14.4
811.7	14.4
812.1	14.4
812.4	16.1
812.8	16.1
813.1	15.8
813.5	15.8
813.9	15.2
814.2	15.2
814.6	14.9
814.9	14.9
815.3	14.9
815.6	15.0
816.0	16.9
816.3	17.9
816.7	19.9
817.1	20.6
817.4	21.5
817.8	21.8
818.1	29.9
818.5	29.9
818.8	29.2
819.2	29.1
819.5	28.7
819.9	28.6
820.2	27.2
820.6	27.2
820.9	25.7
821.3	25.6
821.6	24.7
822.0	24.5
822.3	23.6
822.7	23.6
823.0	23.0
823.3	22.9
823.7	18.8
824.0	18.8
824.4	17.2
824.7	17.0
825.1	15.7
825.4	14.9
825.7	13.7
826.1	13.6
826.4	14.5
826.8	14.5
827.1	14.5
827.5	14.5
827.8	15.8
828.1	15.8
828.5	15.8
828.8	15.8
829.1	15.3
829.5	15.3
829.8	15.3
830.2	15.3
830.5	15.3
830.8	15.3
831.2	15.3
831.5	15.3
831.8	15.3
832.2	15.3
832.5	15.3
832.8	15.3
833.2	15.3
833.5	15.3
833.8	15.3
834.2	15.3
834.5	15.5
834.8	15.5
835.1	15.5
835.5	15.5
835.8	15.0
836.1	15.0
836.5	14.9
836.8	14.9
837.1	14.3
837.4	14.3
837.8	14.3
838.1	14.3
838.4	14.0
838.7	14.0
839.1	14.0
839.4	14.0
839.7	13.6
840.0	13.6
840.3	13.6
840.7	13.6
841.0	13.6
841.3	13.6
841.6	13.6
842.0	13.6
842.3	14.2
842.6	14.3
842.9	14.7
843.2	14.9
843.5	15.1
843.9	15.1
844.2	14.9
844.5	14.8
844.8	14.5
845.1	14.5
845.4	14.2
845.8	14.2
846.1	13.6
846.4	13.3
846.7	13.3
847.0	13.3
847.3	12.9
847.6	12.9
847.9	12.3
848.2	12.3
848.6	12.3
848.9	12.3
849.2	12.3
849.5	12.3
849.8	12.4
850.1	12.4
850.4	12.4
850.7	12.7
851.0	13.7
851.3	13.7
851.6	14.0
851.9	14.0
852.2	15.0
852.5	15.6
852.8	16.2
853.2	16.5
853.5	17.1
853.8	16.9
854.1	16.3
854.4	15.7
854.7	13.8
855.0	13.8
855.3	13.5
855.6	13.5
855.9	13.1
856.2	12.8
856.5	12.8
856.8	12.8
857.0	12.0
857.3	12.0
857.6	12.0
857.9	12.3
858.2	12.3
858.5	12.3
858.8	12.6
859.1	12.6
859.4	16.0
859.7	16.0
860.0	16.0
860.3	16.4
860.6	15.6
860.9	15.9
861.2	16.6
861.4	16.9
861.7	19.4
862.0	19.4
862.3	19.0
862.6	18.5
862.9	17.9
863.2	17.1
863.5	16.2
863.8	15.7
864.0	17.9
864.3	17.5
864.6	17.2
864.9	16.8
865.2	16.1
865.5	15.9
865.7	16.1
866.0	16.5
866.3	16.2
866.6	16.0
866.9	15.7
867.2	15.7
867.4	15.5
867.7	16.1
868.0	16.4
868.3	16.6
868.6	15.7
868.8	15.7
869.1	15.6
869.4	15.2
869.7	14.7
869.9	14.2
870.2	14.1
870.5	14.0
870.8	13.5
871.0	13.5
871.3	13.3
871.6	13.3
871.9	13.3
872.1	13.3
872.4	13.3
872.7	13.3
872.9	14.4
873.2	14.4
873.5	14.4
873.8	14.4
874.0	14.4
874.3	14.4
874.6	14.4
874.8	14.4
875.1	15.1
875.4	15.1
875.6	15.1
875.9	15.1
876.2	15.1
876.4	15.1
876.7	15.1
877.0	15.1
877.2	14.8
877.5	14.8
877.7	14.8
878.0	14.8
878.3	14.8
878.5	14.8
878.8	14.8
879.1	14.8
879.3	14.1
879.6	14.1
879.8	14.1
880.1	14.1
880.4	14.1
880.6	14.1
880.9	14.1
881.1	14.1
881.4	15.4
881.6	15.4
881.9	15.4
882.1	15.4
882.4	14.8
882.7	14.8
882.9	14.8
883.2	14.8
883.4	14.6
883.7	14.6
883.9	14.6
884.2	14.6
884.4	14.3
884.7	14.3
884.9	14.3
885.2	14.3
885.4	16.0
885.7	16.0
885.9	16.0
886.2	16.0
886.4	15.7
886.7	15.7
886.9	15.7
887.2	15.7
887.4	14.8
887.6	14.8
887.9	14.8
888.1	14.8
888.4	14.8
888.6	14.8
888.9	14.8
889.1	14.8
889.3	14.8
889.6	14.8
889.8	14.8
890.1	14.8
890.3	14.8
890.5	14.8
890.8	14.8
891.0	14.8
891.3	14.8
891.5	14.8
891.7	14.8
892.0	14.8
892.2	14.8
892.4	14.8
892.7	14.8
892.9	14.8
893.1	17.4
893.4	17.4
893.6	17.2
893.8	16.9
894.1	16.5
894.3	16.2
894.5	15.9
894.8	15.9
895.0	15.1
895.2	15.1
895.5	14.9
895.7	14.9
895.9	14.6
896.2	14.6
896.4	14.5
896.6	14.5
896.8	16.8
897.1	16.8
897.3	16.6
897.5	16.6
897.7	15.7
898.0	15.7
898.2	15.3
898.4	15.3
898.6	14.4
898.9	14.4
899.1	14.1
899.3	14.1
899.5	14.0
899.7	14.0
900.0	13.9
900.2	13.9
900.4	15.2
900.6	15.2
900.8	15.2
901.1	15.2
901.3	15.5
901.5	15.5
901.7	15.8
901.9	15.8
902.1	15.3
902.4	15.4
902.6	15.8
902.8	16.1
903.0	16.7
903.2	16.9
903.4	17.2
903.6	17.3
903.9	15.2
904.1	15.2
904.3	15.2
904.5	15.2
904.7	14.4
904.9	14.4
905.1	14.4
905.3	14.4
905.5	13.2
905.7	13.2
905.9	12.9
906.2	13.2
906.4	13.2
906.6	13.2
906.8	13.5
907.0	13.5
907.2	13.7
907.4	13.7
907.6	13.7
907.8	14.0
908.0	14.0
908.2	14.0
908.4	14.3
908.6	14.3
908.8	14.2
909.0	14.2
909.2	13.9
909.4	13.9
909.6	13.9
909.8	13.6
910.0	13.6
910.2	13.6
910.4	16.3
910.6	16.3
910.8	16.3
911.0	16.3
911.2	16.3
911.4	16.3
911.6	16.3
911.8	16.3
912.0	16.2
912.2	15.8
912.3	15.8
912.5	15.8
912.7	15.8
912.9	16.2
913.1	16.6
913.3	17.0
913.5	17.0
913.7	17.0
913.9	16.6
914.1	16.6
914.3	16.0
914.4	15.6
914.6	15.6
914.8	15.6
915.0	17.3
915.2	17.3
915.4	17.3
915.6	17.3
915.7	17.6
915.9	17.6
916.1	17.6
916.3	17.6
===END===
